3.4641016151377544
3.1622776601683795
3.1622776601683795
3.1622776601683795
3.1622776601683795
3.1622776601683795
3.1622776601683795
3.1622776601683795
3.1622776601683795
3.4641016151377544
3.4641016151377544
3.1622776601683795
3.1622776601683795
3.1622776601683795
3.1622776601683795
3.4641016151377544
3.4641016151377544
3.1622776601683795
3.1622776601683795
3.1622776601683795
3.1622776601683795
3.4641016151377544
3.4641016151377544
3.1622776601683795
3.1622776601683795
3.1622776601683795
3.1622776601683795
3.1622776601683795
3.1622776601683795
3.1622776601683795
3.1622776601683795
3.4641016151377544
max: 3.4641016151377544
min: 3.1622776601683795