3.7416573867739413
3.7416573867739413
3.7416573867739413
3.7416573867739413
3.7416573867739413
3.7416573867739413
3.7416573867739413
3.7416573867739413
3.7416573867739413
3.7416573867739413
3.7416573867739413
3.7416573867739413
3.7416573867739413
3.7416573867739413
3.7416573867739413
3.7416573867739413
3.7416573867739413
3.7416573867739413
3.7416573867739413
3.7416573867739413
3.7416573867739413
3.7416573867739413
3.7416573867739413
3.7416573867739413
3.7416573867739413
3.7416573867739413
3.7416573867739413
3.7416573867739413
3.7416573867739413
3.7416573867739413
3.7416573867739413
3.7416573867739413
3.7416573867739413
3.7416573867739413
3.7416573867739413
3.7416573867739413
3.7416573867739413
3.7416573867739413
3.7416573867739413
3.7416573867739413
3.7416573867739413
3.7416573867739413
3.7416573867739413
3.7416573867739413
3.7416573867739413
3.7416573867739413
3.7416573867739413
3.7416573867739413
max: 3.7416573867739413
min: 3.7416573867739413