3.7416573867739413
3.7416573867739413
3.7416573867739413
3.7416573867739413
3.7416573867739413
3.7416573867739413
4.0
3.7416573867739413
3.7416573867739413
3.7416573867739413
3.7416573867739413
4.0
4.0
3.7416573867739413
3.7416573867739413
3.7416573867739413
3.7416573867739413
3.7416573867739413
3.7416573867739413
3.7416573867739413
3.7416573867739413
3.7416573867739413
3.7416573867739413
3.7416573867739413
3.7416573867739413
3.7416573867739413
3.7416573867739413
3.7416573867739413
3.7416573867739413
3.7416573867739413
3.7416573867739413
3.7416573867739413
3.7416573867739413
3.7416573867739413
3.7416573867739413
3.7416573867739413
3.7416573867739413
3.7416573867739413
3.7416573867739413
3.7416573867739413
3.7416573867739413
4.0
4.0
3.7416573867739413
3.7416573867739413
3.7416573867739413
3.7416573867739413
4.0
3.7416573867739413
3.7416573867739413
3.7416573867739413
3.7416573867739413
3.7416573867739413
3.7416573867739413
max: 4.0
min: 3.7416573867739413