4.242640687119285
4.242640687119285
4.242640687119285
4.242640687119285
4.242640687119285
4.242640687119285
4.242640687119285
4.242640687119285
4.242640687119285
4.242640687119285
4.242640687119285
4.242640687119285
4.242640687119285
4.242640687119285
4.242640687119285
4.242640687119285
4.242640687119285
4.242640687119285
4.242640687119285
4.242640687119285
4.242640687119285
4.242640687119285
4.242640687119285
4.242640687119285
4.242640687119285
4.242640687119285
4.242640687119285
4.242640687119285
4.242640687119285
4.242640687119285
4.242640687119285
4.242640687119285
4.242640687119285
4.242640687119285
4.242640687119285
4.242640687119285
max: 4.242640687119285
min: 4.242640687119285